<?xml version="1.0" encoding="utf-8" standalone="no"?>
<!DOCTYPE svg PUBLIC "-//W3C//DTD SVG 1.1//EN"
  "http://www.w3.org/Graphics/SVG/1.1/DTD/svg11.dtd">
<svg xmlns:xlink="http://www.w3.org/1999/xlink" width="548.239219pt" height="498.918656pt" viewBox="0 0 548.239219 498.918656" xmlns="http://www.w3.org/2000/svg" version="1.1">
 <metadata>
  <rdf:RDF xmlns:dc="http://purl.org/dc/elements/1.1/" xmlns:cc="http://creativecommons.org/ns#" xmlns:rdf="http://www.w3.org/1999/02/22-rdf-syntax-ns#">
   <cc:Work>
    <dc:type rdf:resource="http://purl.org/dc/dcmitype/StillImage"/>
    <dc:date>2026-06-11T17:25:31.379709</dc:date>
    <dc:format>image/svg+xml</dc:format>
    <dc:creator>
     <cc:Agent>
      <dc:title>Matplotlib v3.10.9, https://matplotlib.org/</dc:title>
     </cc:Agent>
    </dc:creator>
   </cc:Work>
  </rdf:RDF>
 </metadata>
 <defs>
  <style type="text/css">*{stroke-linejoin: round; stroke-linecap: butt}</style>
 </defs>
 <g id="figure_1">
  <g id="patch_1">
   <path d="M 0 498.918656 
L 548.239219 498.918656 
L 548.239219 0 
L 0 0 
z
" style="fill: #ffffff"/>
  </g>
  <g id="axes_1">
   <g id="patch_2">
    <path d="M 444.606406 265.925312 
C 444.606406 239.285243 439.358893 212.904214 429.16418 188.291999 
C 418.969467 163.679784 404.025814 141.315027 385.18844 122.477653 
C 366.351066 103.640279 343.98631 88.696627 319.374095 78.501914 
C 294.76188 68.3072 268.380851 63.059687 241.740781 63.059687 
C 215.100711 63.059687 188.719683 68.3072 164.107468 78.501914 
C 139.495252 88.696627 117.130496 103.640279 98.293122 122.477653 
C 79.455748 141.315027 64.512096 163.679784 54.317382 188.291999 
C 44.122669 212.904214 38.875156 239.285243 38.875156 265.925312 
C 38.875156 292.565382 44.122669 318.946411 54.317382 343.558626 
C 64.512096 368.170841 79.455748 390.535598 98.293122 409.372972 
C 117.130496 428.210346 139.495252 443.153998 164.107468 453.348711 
C 188.719683 463.543425 215.100711 468.790937 241.740781 468.790937 
C 268.380851 468.790937 294.76188 463.543425 319.374095 453.348711 
C 343.98631 443.153998 366.351066 428.210346 385.18844 409.372972 
C 404.025814 390.535598 418.969467 368.170841 429.16418 343.558626 
C 439.358893 318.946411 444.606406 292.565382 444.606406 265.925312 
M 241.740781 265.925312 
C 241.740781 265.925312 241.740781 265.925312 241.740781 265.925312 
C 241.740781 265.925312 241.740781 265.925312 241.740781 265.925312 
C 241.740781 265.925312 241.740781 265.925312 241.740781 265.925312 
C 241.740781 265.925312 241.740781 265.925312 241.740781 265.925312 
C 241.740781 265.925312 241.740781 265.925312 241.740781 265.925312 
C 241.740781 265.925312 241.740781 265.925312 241.740781 265.925312 
C 241.740781 265.925312 241.740781 265.925312 241.740781 265.925312 
C 241.740781 265.925312 241.740781 265.925312 241.740781 265.925312 
C 241.740781 265.925312 241.740781 265.925312 241.740781 265.925312 
C 241.740781 265.925312 241.740781 265.925312 241.740781 265.925312 
C 241.740781 265.925312 241.740781 265.925312 241.740781 265.925312 
C 241.740781 265.925312 241.740781 265.925312 241.740781 265.925312 
C 241.740781 265.925312 241.740781 265.925312 241.740781 265.925312 
C 241.740781 265.925312 241.740781 265.925312 241.740781 265.925312 
C 241.740781 265.925312 241.740781 265.925312 241.740781 265.925312 
C 241.740781 265.925312 241.740781 265.925312 241.740781 265.925312 
z
" style="fill: #ffffff"/>
   </g>
   <g id="patch_3">
    <path d="M 241.740781 265.925312 
L 38.875156 265.925312 
L 241.740781 265.925312 
L 241.740781 265.925312 
z
" clip-path="url(#pb14df59bf4)" style="fill: #4b6f8a; opacity: 0.18; stroke: #4b6f8a; stroke-linejoin: miter"/>
   </g>
   <g id="patch_4">
    <path d="M 241.740781 211.151594 
L 73.362312 265.925312 
L 241.740781 353.157531 
L 343.173594 265.925312 
z
" clip-path="url(#pb14df59bf4)" style="fill: #c47b45; opacity: 0.18; stroke: #c47b45; stroke-linejoin: miter"/>
   </g>
   <g id="patch_5">
    <path d="M 241.740781 154.349219 
L 126.107375 265.925312 
L 241.740781 426.189156 
L 404.033281 265.925312 
z
" clip-path="url(#pb14df59bf4)" style="fill: #4f7c6a; opacity: 0.18; stroke: #4f7c6a; stroke-linejoin: miter"/>
   </g>
   <g id="patch_6">
    <path d="M 241.740781 99.5755 
L 97.706187 265.925312 
L 241.740781 468.790937 
L 444.606406 265.925312 
z
" clip-path="url(#pb14df59bf4)" style="fill: #8b6f47; opacity: 0.18; stroke: #8b6f47; stroke-linejoin: miter"/>
   </g>
   <g id="patch_7">
    <path d="M 241.740781 136.091312 
L 63.219031 265.925312 
L 241.740781 381.558719 
L 363.460156 265.925312 
z
" clip-path="url(#pb14df59bf4)" style="fill: #d4a574; opacity: 0.18; stroke: #d4a574; stroke-linejoin: miter"/>
   </g>
   <g id="matplotlib.axis_1">
    <g id="xtick_1">
     <g id="line2d_1">
      <path d="M 241.740781 265.925312 
L 241.740781 63.059687 
" clip-path="url(#pb14df59bf4)" style="fill: none; stroke: #b0b0b0; stroke-width: 0.8; stroke-linecap: square"/>
     </g>
     <g id="text_1">
      <text style="font-size: 9px; font-family: 'Arial', 'Helvetica', 'DejaVu Sans', sans-serif" transform="translate(225.227187 46.521266)">Bonding</text>
      <text style="font-size: 9px; font-family: 'Arial', 'Helvetica', 'DejaVu Sans', sans-serif" transform="translate(225.482422 56.145922)">strength</text>
     </g>
    </g>
    <g id="xtick_2">
     <g id="line2d_2">
      <path d="M 241.740781 265.925312 
L 38.875156 265.925312 
" clip-path="url(#pb14df59bf4)" style="fill: none; stroke: #b0b0b0; stroke-width: 0.8; stroke-linecap: square"/>
     </g>
     <g id="text_2">
      <text style="font-size: 9px; font-family: 'Arial', 'Helvetica', 'DejaVu Sans', sans-serif" transform="translate(7.2 263.321078)">Viscosity</text>
      <text style="font-size: 9px; font-family: 'Arial', 'Helvetica', 'DejaVu Sans', sans-serif" transform="translate(7.372969 273.077359)">(inverse)</text>
     </g>
    </g>
    <g id="xtick_3">
     <g id="line2d_3">
      <path d="M 241.740781 265.925312 
L 241.740781 468.790937 
" clip-path="url(#pb14df59bf4)" style="fill: none; stroke: #b0b0b0; stroke-width: 0.8; stroke-linecap: square"/>
     </g>
     <g id="text_3">
      <text style="font-size: 9px; font-family: 'Arial', 'Helvetica', 'DejaVu Sans', sans-serif" transform="translate(223.233828 480.30525)">Emulsion</text>
      <text style="font-size: 9px; font-family: 'Arial', 'Helvetica', 'DejaVu Sans', sans-serif" transform="translate(226.736094 489.824437)">stability</text>
     </g>
    </g>
    <g id="xtick_4">
     <g id="line2d_4">
      <path d="M 241.740781 265.925312 
L 444.606406 265.925312 
" clip-path="url(#pb14df59bf4)" style="fill: none; stroke: #b0b0b0; stroke-width: 0.8; stroke-linecap: square"/>
     </g>
     <g id="text_4">
      <text style="font-size: 9px; font-family: 'Arial', 'Helvetica', 'DejaVu Sans', sans-serif; text-anchor: middle" x="458.606406" y="268.199219" transform="rotate(-0 458.606406 268.199219)">Workability</text>
     </g>
    </g>
   </g>
   <g id="matplotlib.axis_2">
    <g id="ytick_1">
     <g id="line2d_5">
      <path d="M 241.740781 265.925312 
C 241.740781 265.925312 241.740781 265.925312 241.740781 265.925312 
C 241.740781 265.925312 241.740781 265.925312 241.740781 265.925312 
C 241.740781 265.925312 241.740781 265.925312 241.740781 265.925312 
C 241.740781 265.925312 241.740781 265.925312 241.740781 265.925312 
C 241.740781 265.925312 241.740781 265.925312 241.740781 265.925312 
C 241.740781 265.925312 241.740781 265.925312 241.740781 265.925312 
C 241.740781 265.925312 241.740781 265.925312 241.740781 265.925312 
C 241.740781 265.925312 241.740781 265.925312 241.740781 265.925312 
C 241.740781 265.925312 241.740781 265.925312 241.740781 265.925312 
C 241.740781 265.925312 241.740781 265.925312 241.740781 265.925312 
C 241.740781 265.925312 241.740781 265.925312 241.740781 265.925312 
C 241.740781 265.925312 241.740781 265.925312 241.740781 265.925312 
C 241.740781 265.925312 241.740781 265.925312 241.740781 265.925312 
C 241.740781 265.925312 241.740781 265.925312 241.740781 265.925312 
C 241.740781 265.925312 241.740781 265.925312 241.740781 265.925312 
C 241.740781 265.925312 241.740781 265.925312 241.740781 265.925312 
" clip-path="url(#pb14df59bf4)" style="fill: none; stroke: #b0b0b0; stroke-width: 0.8; stroke-linecap: square"/>
     </g>
     <g id="text_5">
      <text style="font-size: 9px; font-family: 'Arial', 'Helvetica', 'DejaVu Sans', sans-serif; text-anchor: start" x="241.740781" y="264.136562" transform="rotate(-0 241.740781 264.136562)">0.00</text>
     </g>
    </g>
    <g id="ytick_2">
     <g id="line2d_6">
      <path d="M 241.740781 215.208906 
C 235.080764 215.208906 228.485507 216.520784 222.332453 219.069463 
C 216.179399 221.618141 210.58821 225.354054 205.878866 230.063398 
C 201.169523 234.772741 197.43361 240.36393 194.884932 246.516984 
C 192.336253 252.670038 191.024375 259.265295 191.024375 265.925312 
C 191.024375 272.58533 192.336253 279.180587 194.884932 285.333641 
C 197.43361 291.486695 201.169523 297.077884 205.878866 301.787227 
C 210.58821 306.496571 216.179399 310.232484 222.332453 312.781162 
C 228.485507 315.329841 235.080764 316.641719 241.740781 316.641719 
C 248.400799 316.641719 254.996056 315.329841 261.14911 312.781162 
C 267.302163 310.232484 272.893353 306.496571 277.602696 301.787227 
C 282.31204 297.077884 286.047953 291.486695 288.596631 285.333641 
C 291.145309 279.180587 292.457187 272.58533 292.457187 265.925312 
C 292.457187 259.265295 291.145309 252.670038 288.596631 246.516984 
C 286.047953 240.36393 282.31204 234.772741 277.602696 230.063398 
C 272.893353 225.354054 267.302163 221.618141 261.14911 219.069463 
C 254.996056 216.520784 248.400799 215.208906 241.740781 215.208906 
" clip-path="url(#pb14df59bf4)" style="fill: none; stroke: #b0b0b0; stroke-width: 0.8; stroke-linecap: square"/>
     </g>
     <g id="text_6">
      <text style="font-size: 9px; font-family: 'Arial', 'Helvetica', 'DejaVu Sans', sans-serif; text-anchor: start" x="222.332453" y="217.280713" transform="rotate(-0 222.332453 217.280713)">0.25</text>
     </g>
    </g>
    <g id="ytick_3">
     <g id="line2d_7">
      <path d="M 241.740781 164.4925 
C 228.420746 164.4925 215.230232 167.116256 202.924124 172.213613 
C 190.618017 177.31097 179.435639 184.782796 170.016952 194.201483 
C 160.598265 203.62017 153.126439 214.802548 148.029082 227.108656 
C 142.931725 239.414763 140.307969 252.605278 140.307969 265.925312 
C 140.307969 279.245347 142.931725 292.435862 148.029082 304.741969 
C 153.126439 317.048077 160.598265 328.230455 170.016952 337.649142 
C 179.435639 347.067829 190.618017 354.539655 202.924124 359.637012 
C 215.230232 364.734369 228.420746 367.358125 241.740781 367.358125 
C 255.060816 367.358125 268.25133 364.734369 280.557438 359.637012 
C 292.863546 354.539655 304.045924 347.067829 313.464611 337.649142 
C 322.883298 328.230455 330.355124 317.048077 335.452481 304.741969 
C 340.549837 292.435862 343.173594 279.245347 343.173594 265.925312 
C 343.173594 252.605278 340.549837 239.414763 335.452481 227.108656 
C 330.355124 214.802548 322.883298 203.62017 313.464611 194.201483 
C 304.045924 184.782796 292.863546 177.31097 280.557438 172.213613 
C 268.25133 167.116256 255.060816 164.4925 241.740781 164.4925 
" clip-path="url(#pb14df59bf4)" style="fill: none; stroke: #b0b0b0; stroke-width: 0.8; stroke-linecap: square"/>
     </g>
     <g id="text_7">
      <text style="font-size: 9px; font-family: 'Arial', 'Helvetica', 'DejaVu Sans', sans-serif; text-anchor: start" x="202.924124" y="170.424863" transform="rotate(-0 202.924124 170.424863)">0.50</text>
     </g>
    </g>
    <g id="ytick_4">
     <g id="line2d_8">
      <path d="M 241.740781 113.776094 
C 221.760729 113.776094 201.974957 117.711728 183.515796 125.357763 
C 165.056635 133.003798 148.283067 144.211538 134.155037 158.339568 
C 120.027006 172.467599 108.819267 189.241166 101.173232 207.700327 
C 93.527197 226.159489 89.591562 245.94526 89.591562 265.925312 
C 89.591562 285.905365 93.527197 305.691136 101.173232 324.150298 
C 108.819267 342.609459 120.027006 359.383026 134.155037 373.511057 
C 148.283067 387.639087 165.056635 398.846827 183.515796 406.492862 
C 201.974957 414.138897 221.760729 418.074531 241.740781 418.074531 
C 261.720834 418.074531 281.506605 414.138897 299.965767 406.492862 
C 318.424928 398.846827 335.198495 387.639087 349.326526 373.511057 
C 363.454556 359.383026 374.662295 342.609459 382.30833 324.150298 
C 389.954365 305.691136 393.89 285.905365 393.89 265.925312 
C 393.89 245.94526 389.954365 226.159489 382.30833 207.700327 
C 374.662295 189.241166 363.454556 172.467599 349.326526 158.339568 
C 335.198495 144.211538 318.424928 133.003798 299.965767 125.357763 
C 281.506605 117.711728 261.720834 113.776094 241.740781 113.776094 
" clip-path="url(#pb14df59bf4)" style="fill: none; stroke: #b0b0b0; stroke-width: 0.8; stroke-linecap: square"/>
     </g>
     <g id="text_8">
      <text style="font-size: 9px; font-family: 'Arial', 'Helvetica', 'DejaVu Sans', sans-serif; text-anchor: start" x="183.515796" y="123.569013" transform="rotate(-0 183.515796 123.569013)">0.75</text>
     </g>
    </g>
    <g id="ytick_5">
     <g id="line2d_9">
      <path d="M 241.740781 63.059687 
C 215.100711 63.059687 188.719683 68.3072 164.107468 78.501914 
C 139.495252 88.696627 117.130496 103.640279 98.293122 122.477653 
C 79.455748 141.315027 64.512096 163.679784 54.317382 188.291999 
C 44.122669 212.904214 38.875156 239.285243 38.875156 265.925312 
C 38.875156 292.565382 44.122669 318.946411 54.317382 343.558626 
C 64.512096 368.170841 79.455748 390.535598 98.293122 409.372972 
C 117.130496 428.210346 139.495252 443.153998 164.107468 453.348711 
C 188.719683 463.543425 215.100711 468.790937 241.740781 468.790937 
C 268.380851 468.790937 294.76188 463.543425 319.374095 453.348711 
C 343.98631 443.153998 366.351066 428.210346 385.18844 409.372972 
C 404.025814 390.535598 418.969467 368.170841 429.16418 343.558626 
C 439.358893 318.946411 444.606406 292.565382 444.606406 265.925312 
C 444.606406 239.285243 439.358893 212.904214 429.16418 188.291999 
C 418.969467 163.679784 404.025814 141.315027 385.18844 122.477653 
C 366.351066 103.640279 343.98631 88.696627 319.374095 78.501914 
C 294.76188 68.3072 268.380851 63.059687 241.740781 63.059687 
" clip-path="url(#pb14df59bf4)" style="fill: none; stroke: #b0b0b0; stroke-width: 0.8; stroke-linecap: square"/>
     </g>
     <g id="text_9">
      <text style="font-size: 9px; font-family: 'Arial', 'Helvetica', 'DejaVu Sans', sans-serif; text-anchor: start" x="164.107468" y="76.713164" transform="rotate(-0 164.107468 76.713164)">1.00</text>
     </g>
    </g>
   </g>
   <g id="line2d_10">
    <path d="M 241.740781 265.925312 
L 38.875156 265.925312 
L 241.740781 265.925312 
L 241.740781 265.925312 
L 241.740781 265.925312 
" clip-path="url(#pb14df59bf4)" style="fill: none; stroke: #4b6f8a; stroke-width: 2; stroke-linecap: square"/>
   </g>
   <g id="line2d_11">
    <path d="M 241.740781 211.151594 
L 73.362312 265.925312 
L 241.740781 353.157531 
L 343.173594 265.925312 
L 241.740781 211.151594 
" clip-path="url(#pb14df59bf4)" style="fill: none; stroke: #c47b45; stroke-width: 2; stroke-linecap: square"/>
   </g>
   <g id="line2d_12">
    <path d="M 241.740781 154.349219 
L 126.107375 265.925312 
L 241.740781 426.189156 
L 404.033281 265.925312 
L 241.740781 154.349219 
" clip-path="url(#pb14df59bf4)" style="fill: none; stroke: #4f7c6a; stroke-width: 2; stroke-linecap: square"/>
   </g>
   <g id="line2d_13">
    <path d="M 241.740781 99.5755 
L 97.706187 265.925312 
L 241.740781 468.790937 
L 444.606406 265.925312 
L 241.740781 99.5755 
" clip-path="url(#pb14df59bf4)" style="fill: none; stroke: #8b6f47; stroke-width: 2; stroke-linecap: square"/>
   </g>
   <g id="line2d_14">
    <path d="M 241.740781 136.091312 
L 63.219031 265.925312 
L 241.740781 381.558719 
L 363.460156 265.925312 
L 241.740781 136.091312 
" clip-path="url(#pb14df59bf4)" style="fill: none; stroke: #d4a574; stroke-width: 2; stroke-linecap: square"/>
   </g>
   <g id="patch_8">
    <path d="M 241.740781 63.059687 
C 215.100711 63.059687 188.719683 68.3072 164.107468 78.501914 
C 139.495252 88.696627 117.130496 103.640279 98.293122 122.477653 
C 79.455748 141.315027 64.512096 163.679784 54.317382 188.291999 
C 44.122669 212.904214 38.875156 239.285243 38.875156 265.925312 
C 38.875156 292.565382 44.122669 318.946411 54.317382 343.558626 
C 64.512096 368.170841 79.455748 390.535598 98.293122 409.372972 
C 117.130496 428.210346 139.495252 443.153998 164.107468 453.348711 
C 188.719683 463.543425 215.100711 468.790937 241.740781 468.790937 
C 268.380851 468.790937 294.76188 463.543425 319.374095 453.348711 
C 343.98631 443.153998 366.351066 428.210346 385.18844 409.372972 
C 404.025814 390.535598 418.969467 368.170841 429.16418 343.558626 
C 439.358893 318.946411 444.606406 292.565382 444.606406 265.925312 
C 444.606406 239.285243 439.358893 212.904214 429.16418 188.291999 
C 418.969467 163.679784 404.025814 141.315027 385.18844 122.477653 
C 366.351066 103.640279 343.98631 88.696627 319.374095 78.501914 
C 294.76188 68.3072 268.380851 63.059687 241.740781 63.059687 
" style="fill: none; stroke: #000000; stroke-width: 1.4; stroke-linejoin: miter; stroke-linecap: square"/>
   </g>
   <g id="text_10">
    <text style="font-weight: 700; font-size: 12px; font-family: 'Arial', 'Helvetica', 'DejaVu Sans', sans-serif; text-anchor: middle" x="241.740781" y="20.079234" transform="rotate(-0 241.740781 20.079234)">WER Dosage Optimization Radar</text>
   </g>
   <g id="legend_1">
    <g id="line2d_15">
     <path d="M 462.915781 14.857812 
L 472.915781 14.857812 
L 482.915781 14.857812 
" style="fill: none; stroke: #4b6f8a; stroke-width: 2; stroke-linecap: square"/>
    </g>
    <g id="text_11">
     <text style="font-size: 10px; font-family: 'Arial', 'Helvetica', 'DejaVu Sans', sans-serif; text-anchor: start" x="490.915781" y="18.357812" transform="rotate(-0 490.915781 18.357812)">0% WER</text>
    </g>
    <g id="line2d_16">
     <path d="M 462.915781 29.003125 
L 472.915781 29.003125 
L 482.915781 29.003125 
" style="fill: none; stroke: #c47b45; stroke-width: 2; stroke-linecap: square"/>
    </g>
    <g id="text_12">
     <text style="font-size: 10px; font-family: 'Arial', 'Helvetica', 'DejaVu Sans', sans-serif; text-anchor: start" x="490.915781" y="32.503125" transform="rotate(-0 490.915781 32.503125)">5% WER</text>
    </g>
    <g id="line2d_17">
     <path d="M 462.915781 43.148437 
L 472.915781 43.148437 
L 482.915781 43.148437 
" style="fill: none; stroke: #4f7c6a; stroke-width: 2; stroke-linecap: square"/>
    </g>
    <g id="text_13">
     <text style="font-size: 10px; font-family: 'Arial', 'Helvetica', 'DejaVu Sans', sans-serif; text-anchor: start" x="490.915781" y="46.648437" transform="rotate(-0 490.915781 46.648437)">10% WER</text>
    </g>
    <g id="line2d_18">
     <path d="M 462.915781 57.29375 
L 472.915781 57.29375 
L 482.915781 57.29375 
" style="fill: none; stroke: #8b6f47; stroke-width: 2; stroke-linecap: square"/>
    </g>
    <g id="text_14">
     <text style="font-size: 10px; font-family: 'Arial', 'Helvetica', 'DejaVu Sans', sans-serif; text-anchor: start" x="490.915781" y="60.79375" transform="rotate(-0 490.915781 60.79375)">15% WER</text>
    </g>
    <g id="line2d_19">
     <path d="M 462.915781 71.439062 
L 472.915781 71.439062 
L 482.915781 71.439062 
" style="fill: none; stroke: #d4a574; stroke-width: 2; stroke-linecap: square"/>
    </g>
    <g id="text_15">
     <text style="font-size: 10px; font-family: 'Arial', 'Helvetica', 'DejaVu Sans', sans-serif; text-anchor: start" x="490.915781" y="74.939062" transform="rotate(-0 490.915781 74.939062)">20% WER</text>
    </g>
   </g>
  </g>
 </g>
 <defs>
  <clipPath id="pb14df59bf4">
   <path d="M 444.606406 265.925312 
C 444.606406 239.285243 439.358893 212.904214 429.16418 188.291999 
C 418.969467 163.679784 404.025814 141.315027 385.18844 122.477653 
C 366.351066 103.640279 343.98631 88.696627 319.374095 78.501914 
C 294.76188 68.3072 268.380851 63.059687 241.740781 63.059687 
C 215.100711 63.059687 188.719683 68.3072 164.107468 78.501914 
C 139.495252 88.696627 117.130496 103.640279 98.293122 122.477653 
C 79.455748 141.315027 64.512096 163.679784 54.317382 188.291999 
C 44.122669 212.904214 38.875156 239.285243 38.875156 265.925312 
C 38.875156 292.565382 44.122669 318.946411 54.317382 343.558626 
C 64.512096 368.170841 79.455748 390.535598 98.293122 409.372972 
C 117.130496 428.210346 139.495252 443.153998 164.107468 453.348711 
C 188.719683 463.543425 215.100711 468.790937 241.740781 468.790937 
C 268.380851 468.790937 294.76188 463.543425 319.374095 453.348711 
C 343.98631 443.153998 366.351066 428.210346 385.18844 409.372972 
C 404.025814 390.535598 418.969467 368.170841 429.16418 343.558626 
C 439.358893 318.946411 444.606406 292.565382 444.606406 265.925312 
M 241.740781 265.925312 
C 241.740781 265.925312 241.740781 265.925312 241.740781 265.925312 
C 241.740781 265.925312 241.740781 265.925312 241.740781 265.925312 
C 241.740781 265.925312 241.740781 265.925312 241.740781 265.925312 
C 241.740781 265.925312 241.740781 265.925312 241.740781 265.925312 
C 241.740781 265.925312 241.740781 265.925312 241.740781 265.925312 
C 241.740781 265.925312 241.740781 265.925312 241.740781 265.925312 
C 241.740781 265.925312 241.740781 265.925312 241.740781 265.925312 
C 241.740781 265.925312 241.740781 265.925312 241.740781 265.925312 
C 241.740781 265.925312 241.740781 265.925312 241.740781 265.925312 
C 241.740781 265.925312 241.740781 265.925312 241.740781 265.925312 
C 241.740781 265.925312 241.740781 265.925312 241.740781 265.925312 
C 241.740781 265.925312 241.740781 265.925312 241.740781 265.925312 
C 241.740781 265.925312 241.740781 265.925312 241.740781 265.925312 
C 241.740781 265.925312 241.740781 265.925312 241.740781 265.925312 
C 241.740781 265.925312 241.740781 265.925312 241.740781 265.925312 
C 241.740781 265.925312 241.740781 265.925312 241.740781 265.925312 
z
"/>
  </clipPath>
 </defs>
</svg>
